2.319638255986739461e-31 1.363316751064249802e-10 5.588463587634144858e-01 4.411536411002537905e-01
5.680015516417286950e-145 2.729811263252969240e-14 1.398943016948385985e-06 9.999986010569558159e-01
6.679915885926954733e-01 2.160537467591449579e-09 3.318960196266032003e-01 1.123896201637242861e-04
5.204687597770785057e-21 2.074275139136759559e-04 8.674215314296255253e-01 1.323710410564607198e-01
5.399271582654010023e-13 9.868453888234097748e-01 1.307369979949238835e-02 8.091137655796327597e-05
2.646279173313315124e-69 7.388396941739597745e-04 2.838674588221697936e-01 7.153937014836562192e-01
1.276561120684939420e-69 5.474803264699491523e-01 4.524069908932744633e-01 1.126826367763018839e-04
1.643374315865708030e-27 2.134569596804298000e-12 9.821710887985877214e-01 1.782891119927777421e-02
8.040803690922403390e-34 3.064726098118718186e-05 9.998979995202215143e-01 7.135321879722559635e-05
2.265725130958698481e-52 2.668236480922390741e-01 1.844208073863013700e-04 7.329919311003746385e-01
