9.705689799481780457e-04 1.304327362394547551e-01 5.123296093300869040e-03 3.739472300473556943e-01 1.519444707961970509e-01 1.576527435851566224e-06 5.915686310545203407e-06 3.375579397070658794e-01 1.152258415398666635e-06 1.511366451571278665e-05
6.717995645272572397e-05 4.981933984626219641e-02 3.162176725681303813e-02 1.082771516769572424e-05 1.534345350120493688e-03 2.591607526181816668e-01 6.568210257790859652e-01 8.812181551038409224e-04 8.354332281241104853e-05 2.125527724519367023e-26
4.472369860623565119e-01 4.809706245512611221e-11 6.474788568448691661e-02 3.148288599001705657e-02 5.275544607406332936e-02 1.553358713498930673e-11 1.005430248739584874e-19 1.120258823390020975e-01 1.526902493689581419e-01 1.390606644174854911e-01
3.230714170492513526e-01 2.543431873075426269e-03 3.111755692394171588e-02 4.928593888089288222e-01 1.071422089043227860e-01 9.853929530286726897e-05 9.219651822980216918e-10 4.306918476911280463e-02 9.006580539021113259e-05 8.205648708741133420e-06
4.667249965159843694e-01 2.241456129014973727e-05 3.595789600715777745e-02 1.363164867960381735e-02 1.366689411302651081e-09 5.717801943020901434e-19 2.097513984614762239e-01 1.315188786375595387e-01 1.423927657702386829e-01 2.399057182305168950e-17
2.764820424714151126e-01 2.364316527161692231e-14 2.097395869064799617e-25 1.042316628962292540e-05 1.179781700574361190e-10 1.468353902885063123e-01 1.656384130272045840e-01 4.728429347166256168e-04 4.104573547412792012e-01 1.035332525868133896e-04
1.296262666336444740e-07 1.324496579547854814e-05 1.653349217014436260e-30 1.960804771755613929e-05 2.615057324316607283e-08 4.562531533702433584e-01 1.924010924246123133e-01 1.513583778089098476e-02 3.361769004881759448e-01 7.145724679133083465e-09
2.285644555111048665e-02 6.885000085832622407e-02 1.149116523363763603e-01 4.393452538540423835e-01 2.555442917208116116e-01 1.379213937008361320e-03 1.298787761447973633e-08 9.139402744608596252e-02 5.701158201498800725e-03 1.794310686228387791e-05
1.161267769123343037e-04 1.043494849959004413e-02 3.806641702694563058e-03 2.306280259282281940e-05 2.851888356440852000e-03 1.257583369119985028e-01 1.832490490400764671e-01 1.080734219141172673e-05 3.320429773535876761e-01 3.417061612139153937e-01
1.084085597167227244e-01 3.781214045776427612e-01 8.055105845898683741e-29 1.678595619940032591e-01 6.693611610355604946e-20 1.691808745818984419e-03 2.052446652891829482e-01 2.646285908806602413e-03 6.855143163423621292e-06 1.360208586246593465e-01
